    88|  0.269160|-48.809859| 5.71|  543.3|G|Phe
   122|  0.399379|-77.065294| 4.78|  220.3|M|Oct
   145|  0.455989| -3.027479| 5.13|  407.5|K|Psc
   154|  0.489965| -6.013972| 4.37|  412.7|F|Psc
   171|  0.540188| 27.084489| 5.80|   40.4|B|Peg
   183|  0.582976|-29.720448| 5.04|  509.4|M|Scl
   194|  0.623989|  8.485579| 5.70|  123.0|B|Psc
   301|  0.934885|-17.335970| 4.55|  228.0|F|Cet
   330|  1.056932| 62.287665| 5.90| 3622.2|G|Cas
   355|  1.125510|-10.509494| 4.99| 1630.0|B|Cet
   443|  1.333941| -5.707833| 4.61|  128.3|A|Psc
   476|  1.424732| 13.396282| 5.55|  370.5|K|Peg
   531|  1.610529| 64.196169| 5.57|  987.9|K|Cas
   677|  2.096533| 29.090828| 2.07|   97.0|B|And
   729|  2.259742| 18.212025| 5.57|  291.1|K|Peg
   746|  2.292040| 59.150218| 2.28|   54.4|B|Cas
   761|  2.337586|-27.987904| 5.42|  223.3|K|Scl
   765|  2.352249|-45.746988| 3.88|  139.9|G|Phe
   813|  2.509103| 11.145809| 5.54|  326.0|G|Psc
   814|  2.509454|-82.223997| 5.29|  243.3|G|Oct
   841|  2.580175| 46.072271| 5.01| 1018.8|B|And
   910|  2.816284|-15.467323| 4.89|   61.6|A|Cet
   930|  2.893404|-27.799778| 5.41|  582.1|K|Scl
   950|  2.932867|-35.133396| 5.24|   71.0|G|Scl
  1067|  3.308958| 15.183616| 2.83|  332.7|B|Peg
  1086|  3.378897| 41.035727| 5.71|  114.0|G|And
  1168|  3.650450| 20.206697| 4.79|  326.0|F|Peg
  1170|  3.660136|-18.932686| 4.44|  493.9|F|Cet
  1473|  4.582106| 36.785327| 4.51|  141.1|F|And
  1562|  4.857013| -8.823829| 3.56|  288.5|F|Cet
  1599|  5.007976|-64.877623| 4.23|   28.0|B|Tuc
  1645|  5.149434|  8.190248| 5.38|  392.8|M|Psc
  1647|  5.162679|-69.624912| 5.50|  304.7|F|Tuc
  1686|  5.280108| 37.968700| 5.16|  159.8|K|And
  1708|  5.379901|-28.981295| 5.18|  310.5|M|Scl
  1960|  6.197869| 61.831063| 5.38|  758.1|K|Cas
  2006|  6.350903|  1.939724| 5.77|  592.7|G|Psc
  2021|  6.413342|-77.255035| 2.82|   24.4|B|Hyi
  2072|  6.550484|-43.679909| 3.93|   76.7|A|Phe
  2081|  6.570281|-42.305122| 2.40|   77.4|A|Phe
  2210|  6.982136|-33.007045| 4.86|  543.3|F|Scl
  2219|  7.011852| 17.893075| 5.01|  486.6|K|Psc
  2353|  7.509804| -3.957297| 5.72|  857.9|F|Cet
  2355|  7.530566| 29.751696| 5.20|  185.2|K|And
  2381|  7.594463|-23.787714| 5.17|  180.1|K|Cet
  2472|  7.853567|-48.803562| 4.76|  171.6|B|Phe
  2484|  7.885670|-62.958085| 4.36|  139.3|B|Tuc
  2487|  7.888980|-62.965450| 4.53|  172.5|G|Tuc
  2505|  7.942991| 54.522325| 4.74|  354.3|G|Cas
  2548|  8.098979|  6.955455| 5.69|  262.9|A|Psc
  2568|  8.147503| 20.294433| 5.38|  256.7|K|Psc
  2578|  8.182476|-63.031379| 5.07|  151.6|K|Tuc
  2599|  8.249944| 62.931788| 4.17| 4075.0|M|Cas
  2762|  8.811004| -3.592758| 5.20|   68.6|M|Cet
  2787|  8.886458| -0.505459| 5.94|  181.1|M|Cet
  2802|  8.921395|-48.000660| 5.51|  118.1|A|Phe
  2903|  9.197132| 15.231760| 5.89|  857.9|B|Psc
  2912|  9.220162| 33.719352| 4.34|  652.0|A|And
  2920|  9.242779| 53.896932| 3.69|  592.7|F|Cas
  2942|  9.338442| 35.399510| 5.45| 1018.8|A|And
  3031|  9.639580| 29.312369| 4.34|  168.9|B|And
  3092|  9.831656| 30.861226| 3.27|  101.2|A|And
  3093|  9.842061| 21.251374| 5.88|   36.2|K|Psc
  3138|  9.981475| 21.438564| 5.36|  412.7|B|Psc
  3179| 10.126613| 56.537409| 2.24|  228.0|B|Cas
  3231| 10.279981| 39.458671| 5.30|  343.2|K|And
  3245| 10.331567|-46.085009| 4.59|  247.0|A|Phe
  3277| 10.442925|-56.501455| 5.72|  213.1|B|Phe
  3300| 10.516184| 50.512542| 4.80| 1124.1|K|Cas
  3330| 10.617905|-65.468130| 5.38|  132.5|K|Tuc
  3405| 10.838517|-57.463098| 4.36|  239.7|F|Phe
  3414| 10.867045| 47.024637| 4.95|  174.3|F|Cas
  3419| 10.896785|-17.986684| 2.04|   95.9|F|Cet
  3455| 11.047523|-10.609274| 4.77|  210.3|B|Cet
  3456| 11.049647|-38.421979| 5.90|  370.5|A|Scl
  3504| 11.181259| 48.284383| 4.48|  905.6|K|Cas
  3572| 11.412964| 74.988126| 5.64|  291.1|B|Cas
  3632| 11.637400| 15.475612| 5.36|  592.7|B|Psc
  3675| 11.755943| 11.973935| 5.51|  262.9|K|Psc
  3693| 11.834959| 24.267377| 4.08|  181.1|G|And
  3697| 11.848431|  6.740981| 5.98|  452.8|K|Psc
  3721| 11.941749| 74.847587| 5.42|  795.1|K|Cas
  3760| 12.072269|  7.299920| 5.92|  665.3|F|Psc
  3781| 12.146327|-74.923354| 5.09|  205.0|G|Hyi
  3786| 12.170397|  7.585202| 4.44|  304.7|K|Psc
  3801| 12.208306| 50.968192| 4.90|  388.1|K|Cas
  3810| 12.244624| 16.941134| 5.07|   78.0|G|Psc
  3821| 12.271253| 57.816548| 3.46|   19.4|G|Cas
  3881| 12.453457| 41.078955| 4.53|  679.2|A|And
  3885| 12.471287| 27.710311| 5.55|  346.8|G|Psc
  3909| 12.532185|-10.643770| 5.17|   50.4|B|Cet
  3949| 12.671367|-50.986924| 5.24|  248.9|F|Phe
  3951| 12.681552| 64.247581| 5.35|  815.0|K|Cas
  4147| 13.252044| -1.144221| 4.78|  517.5|K|Cet
  4267| 13.646750| 19.188436| 5.80|  366.3|K|Psc
  4288| 13.741750| 23.628446| 5.46|  126.8|B|And
  4292| 13.750804| 58.972797| 4.83|  407.5|B|Cas
  4293| 13.751247|-69.526979| 5.45|  210.3|F|Tuc
  4371| 14.006275|-11.266507| 5.35|  525.8|A|Cet
  4422| 14.166710| 59.181166| 4.62|  206.3|A|Cas
  4427| 14.177088| 60.716750| 2.15|  615.1|G|Cas
  4436| 14.187907| 38.499255| 3.86|  136.4|G|And
  4463| 14.301782| 23.417760| 4.40|  243.3|M|And
  4510| 14.458952| 28.992236| 5.44|  708.7|G|Psc
  4577| 14.651441|-29.357464| 4.30|  679.2|K|Scl
  4587| 14.682865|-11.379939| 5.62|  313.5|G|Cet
  4770| 15.325939|-38.916649| 5.59|  626.9|K|Scl
  4852| 15.609907|-31.552042| 5.50|  226.4|B|Scl
  4889| 15.704527| 31.804337| 5.50|  412.7|K|Psc
  4903| 15.726149| 41.345199| 5.95|  343.2|G|And
  4906| 15.736066|  7.890073| 4.27|  190.6|K|Psc
  4914| 15.760853| -4.836350| 5.40|  407.5|K|Cet
  5081| 16.272298| 14.946004| 5.64|  178.1|F|Psc
  5131| 16.420532| 21.473216| 5.33|  238.0|K|Psc
  5132| 16.423658| 21.465473| 5.55|  221.8|K|Psc
  5165| 16.521277|-46.718490| 3.32|  197.6|F|Phe
  5164| 16.521375| -9.839368| 5.58|  592.7|F|Cet
  5268| 16.827386|-61.775262| 5.36|  278.6|M|Tuc
  5296| 16.942168| -9.785592| 5.71|  155.2|F|Cet
  5300| 16.949272|-41.486935| 5.21|  197.6|M|Phe
  5310| 16.987958| 20.739321| 5.56|  161.4|A|Psc
  5317| 17.002994| 43.942241| 5.04|  196.4|K|And
  5336| 17.053838| 54.924228| 5.17|   24.6|G|Cas
  5346| 17.093100|  5.650221| 5.51|  117.3|K|Psc
  5348| 17.096084|-55.245832| 3.94|  278.6|K|Phe
  5364| 17.146932|-10.181928| 3.46|  117.7|G|Cet
  5372| 17.183997| 86.257118| 4.24|  313.5|B|Cep
  5434| 17.375509| 47.241824| 4.26|  740.9|A|And
  5447| 17.432490| 35.620830| 2.07|  198.8|B|And
  5454| 17.455020| 19.658385| 5.57|  402.5|G|Psc
  5493| 17.578530| 42.081577| 5.67|  171.6|K|And
  5510| 17.639822|  2.445708| 5.97|  905.6|A|Cet
  5518| 17.663606| 68.778688| 5.32|  316.5|B|Cas
  5542| 17.774711| 55.149948| 4.34|  137.6|G|Cas
  5544| 17.778222| 31.424766| 5.15|  562.1|B|Psc
  5550| 17.792871| 37.724138| 5.80|  905.6|K|And
  5571| 17.863309| 21.034676| 4.66|  440.5|A|Psc
  5586| 17.914945| 30.089730| 4.51|  162.2|B|Psc
  5589| 17.922370| 65.018885| 5.57|  362.2|G|Cas
  5594| 17.931427| -2.251025| 5.93|  440.5|A|Cet
  5737| 18.432510|  7.575489| 5.21|  147.5|F|Psc
  5742| 18.437230| 24.583765| 4.67|  379.1|K|Psc
  5778| 18.531867| 16.133542| 5.97|  501.5|F|Psc
  5799| 18.599862| -7.923500| 5.14|   79.5|A|Cet
  5833| 18.704919| -0.974294| 5.70|  143.0|G|Cet
  5862| 18.794032|-45.532097| 4.97|   49.1|A|Phe
  5896| 18.939564|-68.876237| 4.25|   66.7|G|Tuc
  5951| 19.151445| -2.500213| 5.42|  256.7|F|Cet
  6061| 19.449934|  3.614520| 5.13|  220.3|A|Psc
  6193| 19.866575| 27.264087| 4.74|  310.5|G|Psc
  6226| 19.951217| -0.508995| 5.87|  392.8|F|Cet
  6242| 20.020490| 58.231616| 4.95| 2328.6|B|Cas
  6315| 20.280641| 28.738390| 5.23|  343.2|K|Psc
  6411| 20.584971| 45.528757| 4.87|  195.2|K|And
  6514| 20.918983| 37.714990| 5.60|  211.7|M|And
  6537| 21.006047| -8.182754| 3.60|  114.4|F|Cet
  6670| 21.405039|-14.598754| 4.90|  288.5|K|Cet
  6686| 21.452513| 60.235403| 2.66|   99.4|A|Cas
  6692| 21.482934| 68.129947| 4.72|  192.9|A|Cas
  6706| 21.563661| 19.172321| 5.35|   84.9|F|Psc
  6732| 21.673529| 19.240565| 5.50|  307.5|B|Psc
  6748| 21.714818|-13.056534| 5.51|  118.1|B|Cet
  6813| 21.912855| 45.406953| 4.83|   92.4|K|And
  6867| 22.091424|-43.317729| 3.41|  234.5|B|Phe
  6960| 22.400418|-21.629347| 5.11|  221.8|A|Cet
  6999| 22.525425| 47.007377| 5.27|  288.5|A|And
  7007| 22.545596|  6.143933| 4.84|  358.2|K|Psc
  7078| 22.806327| 70.264789| 5.82|   95.3|B|Cas
  7083| 22.812423|-49.073077| 3.93|  147.5|F|Phe
  7097| 22.870808| 15.345831| 3.62|  293.7|F|Psc
  7294| 23.483025| 59.232097| 4.68|  203.8|F|Cas
  7345| 23.657172|-15.676353| 5.62|  200.0|F|Cet
  7450| 23.995655|-15.400216| 5.41|  552.5|A|Cet
  7463| 24.035121|-29.907434| 5.69|  202.5|A|Scl
  7513| 24.199904| 41.406385| 4.10|   43.9|F|And
  7535| 24.274839| 12.141511| 5.54|  110.1|K|Psc
  7588| 24.428132|-57.236660| 0.45|  143.6|K|Eri
  7607| 24.497927| 48.628486| 3.59|  173.4|K|And
  7650| 24.628921| 73.040072| 5.28|  446.6|M|Cas
  7719| 24.837579| 44.386128| 5.01|  241.5|F|And
  7740| 24.919866| 16.405886| 5.98|  452.8|K|Psc
  7818| 25.145017| 40.577106| 4.96|  679.2|M|And
  7884| 25.357948|  5.487604| 4.45|  366.3|A|Psc
  7955| 25.536023|-32.326858| 5.25|  217.3|F|Scl
  7965| 25.585185| 68.043046| 5.57|  446.6|F|Cas
  7981| 25.624791| 20.270151| 5.24|   24.3|K|Psc
  8016| 25.732204| 70.622559| 5.18|  281.0|F|Cas
  8046| 25.832240| 60.551371| 5.78|  905.6|F|Cas
  8068| 25.915064| 50.688766| 4.01|  724.4|K|Per
  8102| 26.021364|-15.939556| 3.49|   11.9|A|Cet
  8198| 26.348286|  9.157641| 4.26|  258.7|K|Psc
  8209| 26.411060|-25.052434| 5.29|   89.3|K|Scl
  8387| 27.045428| 16.955631| 5.86|  286.0|K|Ari
  8497| 27.396630|-10.686181| 4.66|   76.9|G|Cet
  8544| 27.535751| 22.275357| 5.83|  571.9|K|Ari
  8645| 27.865044|-10.334945| 3.74|  258.7|K|Cet
  8704| 27.997114| 55.147405| 5.53| 1018.8|G|Per
  8714| 28.038975| 50.792864| 5.70|  493.9|K|Per
  8796| 28.270416| 29.579397| 3.42|   64.0|A|Tri
  8814| 28.322300| 40.729800| 5.42|  543.3|M|And
  8832| 28.382355| 19.294093| 3.88|  203.8|F|Ari
  8833| 28.388902|  3.187478| 4.61|  190.6|K|Psc
  8837| 28.411749|-46.302446| 4.39|  319.6|F|Phe
  8882| 28.591918|-42.496881| 5.12|  307.5|F|Phe
  8886| 28.598681| 63.670147| 3.35|  440.5|F|Cas
  8903| 28.659788| 20.808299| 2.64|   59.6|K|Ari
  8928| 28.733395|-67.647481| 4.68|  217.3|B|Hyi
  8993| 28.962634| 23.577343| 5.76|  517.5|K|Ari
  9001| 28.976974| 37.277801| 5.89|  987.9|G|And
  9007| 28.986802|-51.609587| 3.69|   57.0|K|Eri
  9009| 29.000016| 68.685265| 4.97|  693.6|G|Cas
  9021| 29.038458| 37.251804| 5.69|  319.6|F|And
  9061| 29.167328|-22.526712| 4.92|  397.6|G|Cet
  9110| 29.337639| 17.817589| 5.09|  652.0|K|Ari
  9153| 29.482398| 23.596096| 4.79|  133.1|K|Ari
  9222| 29.639582| 49.204252| 5.70|  245.1|A|Per
  9236| 29.691133|-61.569924| 2.86|   71.3|K|Hyi
  9326| 29.942451|-20.824575| 5.43|  665.3|K|Cet
  9347| 30.000937|-21.077772| 3.99|  301.9|F|Cet
  9353| 30.037603|  3.097635| 5.89|  101.2|G|Psc
  9440| 30.311651|-30.001566| 5.34|  278.6|K|For
  9459| 30.426677|-44.713390| 5.15|  370.5|A|Phe
  9480| 30.489791| 70.907046| 4.49|  116.8|B|Cas
  9487| 30.511669|  2.763760| 3.82|  139.3|K|Psc
  9505| 30.575309| 54.487549| 4.99|  740.9|A|Per
  9570| 30.741529| 33.284152| 5.50|  370.5|K|Tri
  9573| 30.750786| 64.390023| 5.59| 3622.2|K|Cas
  9589| 30.798357|  0.128454| 5.42|  288.5|B|Cet
  9598| 30.859126| 72.421240| 3.95|  162.2|B|Cas
  9621| 30.913593| 25.935449| 5.64|  172.5|B|Ari
  9631| 30.950513| -0.340146| 5.96|  329.3|G|Cet
  9640| 30.974663| 42.329848| 2.10|  354.3|K|And
  9677| 31.122625|-29.296840| 4.68|  362.2|F|For
  9727| 31.279389| 77.281457| 5.27|  109.4|K|Cas
  9763| 31.381574| 76.115110| 5.22|  423.4|M|Cas
  9836| 31.641302| 22.648404| 5.03|  187.4|K|Ari
  9884| 31.792858| 23.462777| 2.01|   65.9|G|Ari
  9977| 32.121441| 37.859183| 4.78|  197.6|K|And
 10053| 32.355359| 25.939973| 4.98|  319.6|K|Ari
 10064| 32.385504| 34.987392| 3.00|  124.4|F|Tri
 10155| 32.656425| 19.500404| 5.68|  665.3|A|Ari
 10212| 32.838177|  8.570083| 5.64|  138.7|B|Cet
 10234| 32.899340| -1.825349| 5.94|  354.3|K|Cet
 10280| 33.093016| 30.303215| 4.94|  304.7|A|Tri
 10305| 33.197180| -2.393460| 5.65|  150.2|M|Cet
 10306| 33.199933| 21.210983| 5.23|   98.2|A|Ari
 10320| 33.226917|-30.723843| 5.27|  332.7|B|For
 10324| 33.250046|  8.846752| 4.36|  362.2|A|Cet
 10328| 33.263522| 15.279910| 5.72|  543.3|G|Ari
 10340| 33.305587| 44.231689| 4.84|  552.5|K|And
 10366| 33.400082| 51.066233| 5.31|  198.8|K|Per
 10418| 33.560428|-67.841552| 5.57|  740.9|G|Hyi
 10513| 33.868993|-67.746335| 5.67|  465.7|G|Hyi
 10535| 33.928477| 25.043255| 5.57|  156.7|K|Ari
 10540| 33.941399| 25.783099| 5.79|  130.9|G|Ari
 10559| 33.984563| 33.358976| 5.25|  293.7|K|Tri
 10602| 34.127085|-51.512111| 3.56|  154.5|M|Eri
 10642| 34.245790| -6.421856| 5.51|  339.6|F|Cet
 10644| 34.260073| 34.224830| 4.84|   35.4|K|Tri
 10670| 34.328482| 33.847321| 4.03|  117.7|F|Tri
 10718| 34.499254| 57.899808| 5.75|  379.1|K|Per
 10729| 34.519165| 57.516326| 5.99|  708.7|A|Per
 10732| 34.531443| 19.901161| 5.58|  388.1|K|Ari
 10793| 34.737453| 28.642674| 5.29|  350.5|M|Tri
 10819| 34.820199| 47.379988| 5.31|  254.7|G|And
 10944| 35.242387| 50.151542| 5.57|  354.3|G|And
 11001| 35.437596|-68.659424| 4.08|  135.3|K|Hyi
 11021| 35.485979|  0.395692| 5.29| 1304.0|A|Cet
 11046| 35.551695| -0.884740| 5.42|  278.6|A|Cet
 11060| 35.589309| 55.845656| 5.16| 2037.5|B|Per
 11072| 35.635087|-23.816315| 5.19|   71.5|M|For
 11095| 35.718642|-73.645821| 5.99|  316.5|A|Hyi
 11220| 36.103725| 50.006633| 5.19|  374.7|K|And
 11249| 36.204353| 10.610598| 5.48|  603.7|B|Ari
 11258| 36.224977|-60.311629| 5.36|  159.8|A|Hor
 11313| 36.405837| 50.278666| 4.73|  343.2|K|And
 11345| 36.487551|-12.290452| 4.88|  525.8|G|Cet
 11407| 36.746271|-47.703827| 4.24|  525.8|B|Eri
 11432| 36.865784| 31.801349| 5.55|  286.0|B|Tri
 11477| 37.007042|-33.811052| 5.13|  152.3|G|For
 11484| 37.039658|  8.460089| 4.30|  176.2|A|Cet
 11486| 37.041626| 29.669538| 5.29|  155.2|K|Tri
 11548| 37.202244| 29.931584| 5.89|  100.3|A|Tri
 11569| 37.266617| 67.402384| 4.46|  141.7|A|Cas
 11757| 37.917170|-79.109250| 5.27|  291.1|A|Hyi
 11767| 37.946147| 89.264138| 1.97|  428.9|M|UMi
 11783| 38.021988|-15.244320| 4.74|   84.2|G|Cet
 11784| 38.025566| 36.147231| 5.15|  392.8|G|Tri
 11791| 38.039318| -1.034818| 5.36|  265.0|F|Cet
 11867| 38.279329|-34.649923| 5.91|  379.1|F|For
 11918| 38.461302|-28.232340| 4.96|  452.8|F|For
 12002| 38.677457| -7.859288| 5.74|  552.5|A|Cet
 12093| 38.968704|  5.593302| 4.87|  370.5|K|Cet
 12107| 39.000284| -7.831453| 5.53|  517.5|G|Cet
 12122| 39.038652|-30.044964| 5.74|  652.0|M|For
 12153| 39.157286| 12.447846| 5.64|  114.8|G|Ari
 12186| 39.244254|-34.577345| 5.78|   83.2|F|For
 12225| 39.351104|-52.543088| 5.30|  144.9|A|Hor
 12247| 39.424073| -3.396068| 5.65|  316.5|B|Cet
 12288| 39.577482|-30.193883| 5.84|  116.4|G|For
 12332| 39.704162| 21.961445| 5.45|  346.8|G|Ari
 12387| 39.870618|  0.328517| 4.08|  652.0|A|Cet
 12390| 39.890549|-11.871582| 4.83|   88.1|K|Cet
 12394| 39.896765|-68.266948| 4.12|  153.1|G|Hyi
 12413| 39.949664|-42.891633| 4.74|  129.9|G|Eri
 12484| 40.164916|-54.549924| 5.21|  159.0|A|Hor
 12486| 40.166382|-39.855309| 4.11|  145.5|A|Eri
 12489| 40.170972| 27.061009| 5.30|  232.9|A|Ari
 12530| 40.307795| -0.695348| 5.72|   70.6|K|Cet
 12623| 40.562204| 40.194387| 4.91|   80.5|B|Per
 12640| 40.591344| 20.011577| 5.74|  339.6|A|Ari
 12653| 40.638160|-50.800827| 5.40|   56.2|M|Hor
 12692| 40.761678| 55.106071| 5.76|  417.9|F|Per
 12706| 40.825519|  3.236172| 3.47|   81.9|K|Cet
 12719| 40.862960| 27.707171| 4.65|  370.5|F|Ari
 12768| 41.021492| 44.297055| 5.43|  693.6|A|Per
 12770| 41.030644|-13.858676| 4.24|  440.5|G|Cet
 12777| 41.048700| 49.228666| 4.10|   36.6|F|Per
 12803| 41.137380| 15.311900| 5.78|  479.4|A|Ari
 12828| 41.234889| 10.114220| 4.27|   84.2|G|Cet
 12832| 41.239614| 12.445967| 5.17|  124.9|B|Ari
 12843| 41.274923|-18.572651| 4.47|   45.5|F|Eri
 12871| 41.364386|-63.704532| 5.73|  179.1|K|Hor
 12876| 41.385552|-67.616724| 4.83|  293.7|A|Hyi
 13061| 41.976839| 29.247424| 4.52|  180.1|K|Ari
 13108| 42.133596| 18.283870| 5.83|  501.5|B|Ari
 13141| 42.255696|-62.806592| 5.25|  165.5|K|Hor
 13147| 42.272331|-32.406284| 4.45|  168.9|A|For
 13165| 42.323157| 17.464344| 5.26|  603.7|B|Ari
 13202| 42.475630|-27.942035| 5.39|  552.5|G|For
 13209| 42.495789| 27.260790| 3.61|  159.8|A|Ari
 13225| 42.561445|-35.843686| 5.92|  501.5|F|For
 13244| 42.618904|-75.066881| 4.76|  329.3|K|Hyi
 13254| 42.645476| 38.318908| 4.22|  127.8|G|Per
 13265| 42.668350|-35.675717| 5.48|  534.4|F|For
 13268| 42.674137| 55.895530| 3.77| 1304.0|F|Per
 13288| 42.759775|-21.003979| 4.76|  182.1|K|Eri
 13327| 42.873200| 15.082127| 5.52|  479.4|G|Ari
 13328| 42.878462| 35.059894| 4.56|  407.5|K|Per
 13473| 43.393138|-38.437087| 5.93|  194.0|K|For
 13490| 43.427409| 38.337679| 5.34|  234.5|B|Per
 13531| 43.564427| 52.762490| 3.93|  247.0|K|Per
 13654| 43.952095| 18.331676| 5.76|  402.5|M|Ari
 13701| 44.106682| -8.897610| 3.89|  133.1|G|Eri
 13702| 44.108260| 18.023651| 5.58|  115.6|M|Ari
 13775| 44.322002| 31.934294| 5.10|  388.1|K|Per
 13782| 44.348755|-23.862077| 5.44|  159.0|G|Eri
 13834| 44.521147| 20.668810| 5.80|  103.8|K|Ari
 13835| 44.523700|-23.606138| 5.82|  652.0|F|Eri
 13847| 44.565482|-40.304735| 2.88|  161.4|F|Eri
 13879| 44.690210| 39.662827| 4.68|  326.0|G|Per
 13884| 44.699025|-64.071297| 4.98|  313.5|A|Hor
 13905| 44.765457| 35.183114| 4.94|  350.5|K|Per
 13914| 44.803058| 21.340445| 4.63|  291.1|G|Ari
 13942| 44.900273|-25.274339| 5.69|  105.5|G|For
 13951| 44.921510| -2.464901| 5.56|  332.7|F|Eri
 13954| 44.928735|  8.907401| 4.71|  423.4|A|Cet
 14060| 45.291527| -7.662836| 5.75|  304.7|B|Eri
 14086| 45.406043|-28.090482| 5.88|   99.1|A|For
 14109| 45.475627| 26.462342| 5.91|  214.5|F|Ari
 14131| 45.564156|-71.902495| 5.51|  525.8|F|Hyi
 14135| 45.569913|  4.089925| 2.54|  220.3|K|Cet
 14143| 45.593784|  4.352870| 5.62|  446.6|A|Cet
 14146| 45.598305|-23.624336| 4.08|   86.0|F|Eri
 14168| 45.676080| -7.685463| 5.32|  256.7|G|Eri
 14240| 45.903766|-59.737620| 5.12|  137.6|F|Hor
 14293| 46.068655| -7.600899| 5.26|  140.5|A|Eri
 14328| 46.199126| 53.506450| 2.91|  256.7|G|Per
 14354| 46.293738| 38.840533| 3.32|  326.0|K|Per
 14376| 46.361197| 25.255199| 5.45|  402.5|B|Ari
 14576| 47.042207| 40.955651| 2.09|   92.9|B|Per
 14632| 47.262014| 49.613500| 4.05|   34.4|B|Per
 14668| 47.373455| 44.857889| 3.79|  112.0|F|Per
 14677| 47.403032| 29.077112| 5.74| 1124.1|B|Ari
 14817| 47.822506| 39.611571| 4.61|  304.7|A|Per
 14838| 47.906957| 19.726698| 4.35|  168.0|F|Ari
 14879| 48.017833|-28.989106| 3.80|   46.0|A|For
 14954| 48.193015| -1.195933| 5.07|   72.9|F|Cet
 15110| 48.725478| 21.044629| 4.87|  339.6|G|Ari
 15197| 48.958445| -8.819840| 4.80|  119.9|A|Eri
 15201| 48.988992|-77.388605| 5.51|   95.9|G|Hyi
 15330| 49.435288|-62.576899| 5.53|   39.5|K|Ret
 15338| 49.447216| 44.025082| 5.49|  639.2|A|Per
 15371| 49.546404|-62.507935| 5.24|   39.4|A|Ret
 15382| 49.592065|-22.511150| 4.86|  254.7|G|Eri
 15383| 49.592828| -0.930141| 5.62|  221.8|B|Cet
 15404| 49.657170| 50.222235| 5.16|  525.8|A|Per
 15444| 49.781744| 50.095028| 5.05|  479.4|B|Per
 15457| 49.839745|  3.369971| 4.84|   29.9|K|Cet
 15474| 49.879040|-21.757942| 3.70|  258.7|K|Eri
 15514| 49.982554| 27.071307| 5.91|  205.0|F|Ari
 15547| 50.081585| 77.734901| 5.44|  262.9|K|Cep
 15619| 50.278211|  3.675681| 5.70|  291.1|K|Cet
 15627| 50.306712| 21.147141| 5.27|  459.2|B|Ari
 15648| 50.360863| 43.329652| 4.96|  155.2|K|Per
 15696| 50.549544| 27.607577| 5.55|  958.8|G|Ari
 15737| 50.688634| 20.742105| 5.10|  319.6|F|Ari
 15861| 51.076937| 24.724188| 5.50|  229.6|F|Ari
 15863| 51.080619| 49.861243| 1.79|  592.7|G|Per
 15900| 51.203490|  9.029065| 3.61|  211.7|G|Tau
 16083| 51.792170|  9.732772| 3.73|  221.8|F|Tau
 16112| 51.889024|-35.681339| 5.71|  465.7|F|For
 16244| 52.341793| 49.509019| 4.67|  562.1|A|Per
 16245| 52.342444|-62.938434| 4.71|   70.0|B|Ret
 16322| 52.601983| 11.336481| 5.14|  417.9|A|Tau
 16335| 52.643676| 47.995172| 4.36|  354.3|F|Per
 16341| 52.654374| -5.075163| 4.74|  379.1|K|Eri
 16369| 52.718196| 12.936682| 4.14|  358.2|A|Tau
 16499| 53.109601| 46.057043| 5.30|  118.5|A|Per
 16511| 53.149708|  9.373558| 5.76|  354.3|A|Tau
 16537| 53.235090| -9.458306| 3.72|   10.5|A|Eri
 16611| 53.446866|-21.632816| 4.26|  296.4|K|Eri
 16664| 53.610930| 24.464475| 5.95|  517.5|A|Tau
 16803| 54.072467|-17.467041| 5.24|  472.5|F|Eri
 16826| 54.122334| 48.192701| 4.32|  693.6|K|Per
 16852| 54.218829|  0.402833| 4.29|   44.7|B|Tau
 17027| 54.754690| -5.625707| 5.97|  114.8|K|Eri
 17103| 54.963099|  3.056843| 5.55|  402.5|B|Tau
 17167| 55.159721| -5.210697| 5.53|  740.9|K|Eri
 17304| 55.562080|-31.938396| 4.99|  724.4|A|For
 17309| 55.578937| 19.700286| 5.68|  407.5|G|Tau
 17313| 55.594348| 33.965039| 4.97|  931.4|B|Per
 17358| 55.731175| 47.787653| 3.01|  525.8|M|Per
 17378| 55.812317| -9.765199| 3.52|   29.5|B|Eri
 17440| 56.048145|-64.807094| 3.84|   99.7|K|Ret
 17448| 56.079693| 32.288273| 3.84| 1481.8|K|Per
 17457| 56.127117| -1.163078| 5.24|  652.0|F|Eri
 17489| 56.200842| 24.289577| 5.45|  332.7|A|Tau
 17499| 56.218848| 24.113448| 3.72|  370.5|G|Tau
 17506| 56.235261| -0.296716| 5.56|  350.5|M|Eri
 17527| 56.290528| 24.839373| 5.66|  366.3|B|Tau
 17529| 56.298514| 42.578544| 3.77|  552.5|K|Per
 17531| 56.302009| 24.467379| 4.30|  370.5|F|Tau
 17563| 56.418460|  6.050029| 5.34|  592.7|K|Tau
 17573| 56.456638| 24.367858| 3.87|  358.2|M|Tau
 17579| 56.476933| 24.554621| 5.76|  388.1|B|Tau
 17593| 56.535427|-12.101735| 4.43|  493.9|B|Eri
 17608| 56.581501| 23.948462| 4.14|  358.2|G|Tau
 17618| 56.614266|-29.338166| 5.91|  329.3|K|For
 17651| 56.712454|-23.248438| 4.22|   58.4|B|Eri
 17678| 56.809298|-74.239243| 3.26|  214.5|B|Hyi
 17702| 56.871101| 24.105242| 2.85|  366.3|K|Tau
 17717| 56.915085|-23.874796| 5.24|  271.7|K|Eri
 17738| 56.983429|-30.167321| 5.52|  281.0|A|For
 17771| 57.067717| 11.143366| 5.08|  562.1|A|Tau
 17847| 57.290547| 24.053524| 3.62|  379.1|B|Tau
 17851| 57.296684| 24.136826| 5.05|  388.1|F|Tau
 17886| 57.386260| 33.091381| 5.14|  296.4|K|Per
 17959| 57.589483| 71.332368| 4.59|  336.1|C|Cam
 18089| 58.000935|  6.534914| 5.66|  708.7|F|Tau
 18141| 58.173558| -5.361242| 5.48|  501.5|A|Eri
 18216| 58.427846|-24.612213| 4.64|  383.5|A|Eri
 18246| 58.532994| 31.883658| 2.84|  987.9|A|Per
 18255| 58.572861| -2.954733| 4.46|  343.2|A|Eri
 18471| 59.216803| 22.478250| 5.62|  146.2|F|Tau
 18532| 59.463421| 40.010273| 2.90|  534.4|G|Per
 18543| 59.507209|-13.508245| 2.97|  220.3|K|Eri
 18597| 59.686406|-61.400151| 4.56|  525.8|G|Ret
 18614| 59.741249| 35.791027| 3.98| 1811.1|A|Per
 18673| 59.981150|-24.016257| 4.62|  332.7|B|Eri
 18724| 60.170086| 12.490376| 3.41|  370.5|F|Tau
 18744| 60.224188|-62.159369| 4.48|  486.6|G|Ret
 18772| 60.325296|-61.079051| 4.97|  332.7|K|Ret
 18788| 60.383474| -1.549626| 5.28|  452.8|K|Eri
 18907| 60.789070|  5.989309| 3.91|  129.4|B|Tau
 18957| 60.935849|  5.435638| 5.32| 1051.6|F|Tau
 19009| 61.090307| 24.106026| 5.46|  958.8|K|Tau
 19038| 61.173574| 22.082068| 4.36|  181.1|B|Tau
 19076| 61.333956| 22.009222| 5.90|   54.5|G|Tau
 19167| 61.646064| 50.351350| 4.25|  346.8|M|Per
 19171| 61.651658| 27.600025| 5.18|  493.9|M|Tau
 19205| 61.752156| 29.001288| 5.21|   89.8|G|Tau
 19335| 62.152062| 38.040228| 5.52|   69.5|B|Per
 19343| 62.165305| 47.712594| 3.96|  552.5|A|Per
 19388| 62.291252| 19.609294| 5.51|  291.1|K|Tau
 19483| 62.593833| -6.923823| 5.44|  374.7|G|Eri
 19513| 62.707837| 26.481039| 5.39|  195.2|B|Tau
 19515| 62.710138|-41.993741| 4.93|  175.3|G|Hor
 19554| 62.834149|  5.523035| 5.71|  125.9|A|Tau
 19587| 62.966388| -6.837779| 4.04|  125.4|F|Eri
 19719| 63.387942|  7.716034| 5.29|  120.7|G|Tau
 19740| 63.484962|  9.263898| 4.84|  370.5|K|Tau
 19747| 63.500339|-42.293873| 3.85|  116.8|B|Hor
 19777| 63.598721|-10.255889| 4.87|  206.3|K|Eri
 19780| 63.605963|-62.473979| 3.33|  163.0|F|Ret
 19811| 63.722126| 40.483724| 4.67|  626.9|A|Per
 19812| 63.724407| 48.409373| 4.12|  724.4|M|Per
 19849| 63.823492| -7.644558| 4.43|   16.4|G|Eri
 19860| 63.883522|  8.892410| 4.27|  434.7|F|Tau
 19893| 64.006214|-51.487096| 4.26|   66.1|B|Dor
 19921| 64.121181|-59.301748| 4.44|   59.5|K|Ret
 19990| 64.315359| 20.578740| 4.93|   93.4|K|Tau
 20020| 64.417772|-63.255492| 5.88|  465.7|B|Ret
 20042| 64.473411|-33.798331| 3.55|  178.1|A|Eri
 20049| 64.496569|-80.214181| 5.67|  407.5|B|Men
 20087| 64.596424| 21.579379| 5.64|  178.1|B|Tau
 20171| 64.858662| 21.142411| 5.50|  267.2|B|Tau
 20186| 64.902862| 21.773592| 5.34|  316.5|F|Tau
 20205| 64.948058| 15.627700| 3.65|  153.8|A|Tau
 20219| 64.990145| 14.035250| 5.58|  146.2|A|Tau
 20250| 65.088478| 27.350941| 4.97|  343.2|G|Tau
 20252| 65.102734| 34.566742| 4.93|  226.4|A|Per
 20261| 65.151020| 15.095504| 5.26|  153.8|A|Tau
 20297| 65.241798|-81.580227| 5.78|  175.3|K|Men
 20384| 65.471732|-63.386815| 5.24|  379.1|A|Ret
 20400| 65.514374| 14.077251| 5.72|  148.9|B|Tau
 20430| 65.645544| 25.629358| 5.38|  267.2|B|Tau
 20455| 65.733447| 17.542584| 3.77|  153.1|G|Tau
 20484| 65.854160| 16.777327| 5.64|  153.8|B|Tau
 20507| 65.920335| -3.745332| 5.17|  207.6|K|Eri
 20522| 65.965990|  9.460984| 5.10|  397.6|B|Tau
 20535| 66.009022|-34.016986| 3.97|  273.9|K|Eri
 20542| 66.023724| 17.444212| 4.80|  145.5|B|Tau
 20579| 66.121420| 34.130841| 5.73|  615.1|B|Per
 20591| 66.155934| 33.959888| 5.77|  135.8|K|Per
 20635| 66.342078| 22.293981| 4.21|  153.1|A|Tau
 20641| 66.353936| 22.200112| 5.27|  144.2|A|Tau
 20648| 66.372156| 17.927989| 4.30|  147.5|B|Tau
 20711| 66.576645| 22.813694| 4.28|  154.5|G|Tau
 20713| 66.586132| 15.618346| 4.48|  156.0|B|Tau
 20732| 66.651570| 14.713858| 4.69|  452.8|B|Tau
 20789| 66.822699| 22.996369| 5.53|  412.7|G|Tau
 20873| 67.097236| 14.741026| 5.90|  177.2|F|Tau
 20877| 67.109855| 16.359629| 4.96|  194.0|K|Tau
 20885| 67.143468| 15.962217| 3.84|  157.5|G|Tau
 20889| 67.153889| 19.180521| 3.53|  155.2|K|Tau
 20894| 67.165312| 15.870947| 3.40|  148.9|G|Tau
 20901| 67.208754| 13.047639| 5.02|  160.6|B|Tau
 20995| 67.535554| 15.637899| 5.58|  142.4|B|Tau
 21036| 67.655411| 13.724450| 5.40|  149.5|S|Tau
 21039| 67.661778| 15.691938| 5.47|  144.2|B|Tau
 21060| 67.708740|-44.953744| 5.07|  708.7|B|Cae
 21139| 67.969456| -0.043991| 4.91|  835.9|K|Eri
 21248| 68.377623|-29.765832| 4.49|  124.4|K|Eri
 21273| 68.461897| 14.844487| 4.65|  152.3|B|Tau
 21278| 68.478041| -6.738896| 5.71|  776.2|B|Eri
 21281| 68.498827|-55.045006| 3.30|  175.3|A|Dor
 21296| 68.548507| -8.231359| 5.20|  815.0|B|Eri
 21393| 68.887799|-30.562310| 3.81|  209.0|B|Eri
 21402| 68.913473| 10.160917| 4.25|  150.2|K|Tau
 21421| 68.980002| 16.509762| 0.87|   65.1|B|Tau
 21444| 69.079752| -3.352448| 3.93|  582.1|F|Eri
 21547| 69.400444| -2.473392| 5.22|   97.0|B|Eri
 21588| 69.539068| 16.033389| 5.78|  148.2|B|Tau
 21589| 69.539174| 12.510874| 4.27|  149.5|K|Tau
 21594| 69.545296|-14.303587| 3.86|  109.4|B|Eri
 21673| 69.788322| 15.800034| 5.08|  151.6|B|Tau
 21683| 69.818549| 15.918024| 4.67|  159.0|B|Tau
 21727| 69.977863| 53.079574| 5.07|  493.9|F|Cam
 21730| 69.991807| 53.473236| 5.36|  276.3|A|Cam
 21735| 70.014243| 12.197641| 5.45|  343.2|M|Tau
 21763| 70.110391|-19.671257| 4.32|  362.2|G|Eri
 21770| 70.140930|-41.863570| 4.44|   65.6|B|Cae
 21861| 70.514360|-37.144766| 5.04|   90.1|A|Cae
 21881| 70.561265| 22.956975| 4.27|  402.5|F|Tau
 21914| 70.693569|-50.481418| 5.30|  343.2|M|Pic
 21928| 70.726245| 43.365265| 5.30|  271.7|B|Per
 21949| 70.766445|-70.931112| 5.53|  479.4|A|Men
 21986| 70.894699| -8.794246| 5.98|  407.5|B|Eri
 22024| 71.022158| -8.503574| 5.78| 1358.3|B|Eri
 22040| 71.087997|-59.732841| 5.28|  221.8|K|Dor
 22109| 71.375588| -3.254625| 4.01|  534.4|A|Eri
 22263| 71.900884|-16.934867| 5.49|   43.4|K|Eri
 22287| 72.000903| 56.757539| 5.29|  162.2|B|Cam
 22325| 72.135536|-16.329581| 5.76|  135.3|B|Eri
 22449| 72.458909|  6.961247| 3.19|   26.2|G|Ori
 22453| 72.477777| 37.488181| 4.89|  525.8|M|Aur
 22479| 72.548288|-16.217283| 5.03|  243.3|A|Eri
 22509| 72.653009|  8.900253| 4.35|  194.0|G|Ori
 22531| 72.730776|-53.461721| 5.58|  120.7|A|Pic
 22549| 72.801525|  5.605101| 3.68| 1253.8|B|Ori
 22565| 72.843389| 18.839941| 5.08|  188.4|B|Tau
 22626| 73.021539| 63.505650| 5.47|  501.5|B|Cam
 22667| 73.133182| 14.250778| 4.71|  543.3|F|Ori
 22678| 73.158330| 36.703196| 4.79|  562.1|K|Aur
 22701| 73.223668| -5.452756| 4.36|  226.4|K|Eri
 22730| 73.344814|  2.508265| 5.33|  639.2|B|Ori
 22783| 73.512544| 66.342660| 4.26| 6520.0|B|Cam
 22797| 73.562899|  2.440671| 3.71| 1358.3|A|Ori
 22833| 73.695444| 11.425973| 5.18|  241.5|B|Ori
 22845| 73.723767| 10.151145| 4.64|  120.7|G|Ori
 22854| 73.763091| 55.259130| 5.52|  665.3|K|Cam
 22871| 73.796415|-74.937002| 5.47|  708.7|A|Men
 22957| 74.093004| 13.514578| 4.06|  168.9|B|Ori
 22958| 74.100789| -5.171351| 5.50|  740.9|B|Eri
 23015| 74.248401| 33.166135| 2.69|  509.4|F|Aur
 23040| 74.321752| 53.752083| 4.43|  374.7|K|Cam
 23068| 74.452690| 23.948585| 5.79|  472.5|B|Tau
 23088| 74.539068| 25.050521| 5.79|  296.4|B|Tau
 23123| 74.637095|  1.714035| 4.47|  958.8|M|Ori
 23148| 74.712447|-82.470523| 5.84|  350.5|M|Men
 23179| 74.814064| 37.890482| 4.93|  159.0|G|Aur
 23221| 74.960170|-10.262993| 5.39|  178.1|A|Eri
 23231| 74.982138|-12.537205| 4.78|  291.1|A|Eri
 23261| 75.076447| 39.394704| 5.95|  172.5|B|Aur
 23265| 75.086321| 81.194021| 5.09|  343.2|F|Cep
 23364| 75.359771| -7.173978| 4.80|  958.8|K|Eri
 23416| 75.492225| 43.823314| 3.03| 2037.5|B|Aur
 23453| 75.619500| 41.075890| 3.69|  795.1|B|Aur
 23467| 75.679187|-71.314326| 5.30|  639.2|F|Men
 23474| 75.687269|-22.795088| 5.74|  525.8|A|Lep
 23482| 75.703022|-49.151473| 5.37|   85.3|B|Pic
 23497| 75.773767| 21.590062| 4.62|  163.0|F|Tau
 23522| 75.854572| 60.442281| 4.03|  987.9|F|Cam
 23595| 76.101299|-35.482871| 4.55|  185.2|G|Cae
 23607| 76.142243| 15.404181| 4.65|  397.6|F|Ori
 23649| 76.241469|-49.577830| 5.05|  472.5|K|Pic
 23685| 76.365217|-22.370857| 3.19|  226.4|G|Lep
 23693| 76.377877|-57.472989| 4.71|   38.0|F|Dor
 23734| 76.535249| 58.972391| 5.22|  665.3|K|Cam
 23767| 76.628621| 41.234641| 3.18|  218.8|B|Aur
 23783| 76.669410| 51.598143| 4.98|   85.6|F|Aur
 23794| 76.690195| -4.655163| 5.12|  278.6|K|Eri
 23835| 76.861150| 18.645007| 4.91|   51.7|F|Tau
 23871| 76.951786| 20.418455| 5.28|  173.4|B|Tau
 23875| 76.962641| -5.086263| 2.78|   88.8|K|Eri
 23879| 76.970305|  8.498573| 5.33|  194.0|B|Ori
 23883| 76.980978| 21.704836| 5.84| 1018.8|F|Tau
 23900| 77.027593| 24.265188| 5.50| 3260.0|G|Tau
 23941| 77.181945| -4.456246| 5.11|   81.5|G|Eri
 23972| 77.286596| -8.754076| 4.25| 1715.8|F|Eri
 23983| 77.331685|  9.829598| 5.43|  176.2|A|Ori
 24010| 77.424831| 15.597272| 4.81|  319.6|K|Ori
 24244| 78.074531|-11.869143| 4.45|  241.5|F|Lep
 24305| 78.232805|-16.205429| 3.29|  184.2|A|Lep
 24327| 78.307854|-12.941288| 4.36|  562.1|F|Lep
 24331| 78.322832|  2.861253| 4.46|  343.2|F|Ori
 24340| 78.357215| 38.484674| 4.82|  162.2|G|Aur
 24372| 78.439279|-67.185350| 4.81|  543.3|K|Dor
 24436| 78.634464| -8.201639| 0.18|  776.2|G|Ori
 24504| 78.851715| 32.687570| 5.01|  269.4|B|Aur
 24555| 79.017247| 11.341370| 5.52|  366.3|G|Ori
 24608| 79.172065| 45.999029| 0.08|   42.2|G|Aur
 24659| 79.370931|-34.894390| 4.81|  110.1|K|Col
 24674| 79.401662| -6.844386| 3.59|  552.5|B|Ori
 24727| 79.543950| 33.372004| 4.54|  234.5|F|Aur
 24813| 79.783660| 40.100667| 4.69|   41.2|A|Aur
 24817| 79.796790|  2.595936| 5.34|  197.6|B|Ori
 24822| 79.819124| 22.096691| 4.96|  206.3|K|Tau
 24829| 79.842141|-50.606520| 5.44|  117.7|A|Pic
 24845| 79.893858|-13.176777| 4.29| 1086.7|B|Lep
 24873| 79.995962|-12.315605| 5.29|  332.7|K|Lep
 24879| 80.003838| 33.958063| 5.05| 2963.6|A|Aur
 25044| 80.440615| -0.382469| 4.72| 1304.0|F|Ori
 25048| 80.451688| 41.804663| 5.22|  639.2|A|Aur
 25142| 80.708339|  3.544448| 4.99|  958.8|B|Ori
 25197| 80.865944| 57.544531| 5.24|  339.6|F|Cam
 25202| 80.875649|-13.927350| 5.25| 1811.1|B|Lep
 25247| 80.986818| -7.807956| 4.13|  174.3|K|Ori
 25278| 81.105460| 17.383552| 5.00|   47.8|G|Tau
 25281| 81.119238| -2.397138| 3.35|  905.6|F|Ori
 25282| 81.120463| -0.891669| 5.07|  172.5|A|Ori
 25292| 81.163092| 37.385375| 5.02|  517.5|G|Aur
 25302| 81.186777|  1.846446| 4.89| 1124.1|G|Ori
 25336| 81.282784|  6.349735| 1.64|  243.3|F|Ori
 25428| 81.572908| 28.607873| 1.65|  130.9|B|Tau
 25429| 81.580321|-58.912599| 5.14|  465.7|M|Dor
 25473| 81.709284|  3.095677| 4.59| 1417.4|A|Ori
 25499| 81.792036| 17.962268| 5.40|  665.3|G|Tau
 25539| 81.908683| 21.936982| 4.88|  693.6|A|Tau
 25541| 81.912031| 34.475986| 5.08|  402.5|M|Aur
 25555| 81.940024| 15.874104| 5.52|  562.1|B|Tau
 25583| 82.006669| 17.239242| 5.77|  708.7|G|Tau
 25606| 82.061360|-20.759232| 2.81|  159.0|K|Lep
 25695| 82.318720| 25.150306| 5.47|  434.7|A|Tau
 25737| 82.433256| -1.092176| 4.71|  452.8|A|Ori
 25769| 82.542540| 63.067232| 5.43|  931.4|A|Cam
 25813| 82.696033|  5.948218| 4.20|  288.5|K|Ori
 25853| 82.781765|-20.863555| 5.53|  271.7|A|Lep
 25859| 82.803065|-35.470436| 3.86|  276.3|B|Col
 25861| 82.810549|  3.292135| 5.46| 1552.4|F|Ori
 25918| 82.969424|-76.341663| 5.18|  100.6|F|Men
 25923| 82.982751| -7.301526| 4.62| 1552.4|K|Ori
 25930| 83.001666| -0.299093| 2.25|  905.6|A|Ori
 25945| 83.053130| 18.594245| 4.32| 1917.6|A|Tau
 25984| 83.181976| 32.192031| 4.71| 4075.0|K|Aur
 25985| 83.182558|-17.822292| 2.58| 1304.0|A|Lep
 25993| 83.214070|-38.513346| 5.45|  172.5|F|Col
 26064| 83.381791| 18.540231| 5.67| 1917.6|G|Tau
 26069| 83.406318|-62.489856| 3.76| 1051.6|G|Dor
 26093| 83.476188| 14.305592| 5.60|  517.5|B|Ori
 26126| 83.569959|  3.766934| 5.32|  346.8|B|Ori
 26176| 83.705158|  9.489585| 4.39|  987.9|K|Ori
 26207| 83.784490|  9.934163| 3.39| 1051.6|A|Ori
 26235| 83.845416| -5.416063| 4.98| 1917.6|G|Ori
 26237| 83.846507| -4.838340| 4.58|  776.2|K|Ori
 26241| 83.858255| -5.909900| 2.75| 1304.0|K|Ori
 26248| 83.863002| 24.039638| 5.37|  603.7|A|Tau
 26268| 83.914521| -4.856086| 5.24|  370.5|B|Ori
 26311| 84.053386| -1.201917| 1.69| 1358.3|G|Ori
 26366| 84.226378|  9.291412| 4.09|  116.0|F|Ori
 26382| 84.265457| 17.040409| 5.53|  175.3|A|Tau
 26394| 84.286636|-80.471675| 5.65|   59.4|F|Men
 26451| 84.411184| 21.142593| 2.97|  417.9|K|Tau
 26460| 84.436013|-28.689794| 5.28|  138.7|B|Col
 26536| 84.658748| 30.492441| 5.40|  446.6|B|Aur
 26549| 84.686522| -2.600068| 3.77| 1164.3|A|Ori
 26563| 84.721216| -7.212708| 4.77|  153.8|K|Ori
 26594| 84.796441|  4.121467| 4.50| 1630.0|B|Ori
 26634| 84.912250|-34.074049| 2.65|  267.2|A|Col
 26640| 84.934136| 25.897149| 5.18|  493.9|A|Tau
 26727| 85.189687| -1.942578| 1.74|  815.0|K|Ori
 26777| 85.323814| 16.534183| 4.84|  740.9|B|Tau
 26865| 85.558160|-22.373737| 5.88|  758.1|G|Lep
 26885| 85.619435|  1.474665| 4.90|  301.9|A|Ori
 27072| 86.116562|-22.447487| 3.59|   29.2|G|Lep
 27100| 86.193413|-65.735541| 4.34|  144.9|M|Dor
 27196| 86.475203| 49.826283| 5.46|  479.4|F|Aur
 27204| 86.499554|-32.306380| 5.18| 1304.0|F|Col
 27249| 86.626539| 56.115718| 5.93|  192.9|A|Cam
 27288| 86.738957|-14.821947| 3.55|   70.1|A|Lep
 27316| 86.804790| 14.488425| 5.72|  423.4|A|Tau
 27321| 86.821181|-51.066713| 3.85|   62.8|A|Pic
 27338| 86.859156| 17.729153| 5.47| 1253.8|A|Tau
 27364| 86.928770| 13.899632| 5.28|  795.1|K|Tau
 27366| 86.939116| -9.669602| 2.07|  724.4|K|Ori
 27386| 87.000966|  6.454210| 5.26|  479.4|B|Ori
 27468| 87.253998| 24.567555| 4.88|  517.5|M|Tau
 27483| 87.293581| 39.181133| 4.51|  213.1|F|Aur
 27511| 87.387264| 12.651366| 4.89|  271.7|A|Tau
 27530| 87.456570|-56.166489| 4.50|  173.4|A|Pic
 27534| 87.473140|-66.901231| 5.10|  509.4|G|Dor
 27566| 87.569997|-79.361523| 5.46|  269.4|F|Men
 27581| 87.620431| 14.305699| 5.54|  313.5|B|Tau
 27628| 87.739803|-35.769292| 3.12|   86.0|A|Col
 27639| 87.760043| 37.305682| 4.72|  472.5|B|Aur
 27654| 87.829803|-20.877514| 3.76|  112.0|K|Lep
 27658| 87.841597| -7.518003| 5.36| 1715.8|B|Ori
 27673| 87.872469| 39.148479| 3.97|  214.5|F|Aur
 27743| 88.092926| 14.171794| 5.60|  517.5|A|Tau
 27750| 88.110178|  1.855158| 4.76| 1124.1|A|Ori
 27810| 88.278685|-33.801440| 4.88|  339.6|F|Col
 27830| 88.331848| 27.612285| 4.56|  434.7|K|Tau
 27913| 88.596183| 20.276415| 4.39|   28.2|B|Ori
 27949| 88.711608| 55.706905| 4.96|  241.5|A|Aur
 27965| 88.736194| 19.749624| 5.92| 1417.4|K|Ori
 27971| 88.740938| 59.888412| 5.20|  402.5|G|Cam
 27989| 88.792872|  7.407036| 0.45|  428.9|G|Ori
 28010| 88.874543|-37.120609| 4.97|  329.3|A|Col
 28098| 89.087262|-31.382455| 5.52| 1481.8|F|Col
 28103| 89.101326|-14.168038| 3.71|   49.0|F|Lep
 28199| 89.384216|-35.283307| 4.36|  857.9|A|Col
 28237| 89.498574| 25.953916| 4.81| 2037.5|K|Tau
 28271| 89.601830|  1.837127| 5.89|  354.3|A|Ori
 28296| 89.706587|  0.552974| 5.21|  366.3|F|Ori
 28325| 89.767949| -9.558140| 5.04|  329.3|K|Mon
 28328| 89.786627|-42.815108| 3.96|  534.4|A|Col
 28358| 89.881460| 54.284982| 3.72|  140.5|F|Aur
 28360| 89.882373| 44.947435| 1.90|   82.1|G|Aur
 28380| 89.930159| 37.212764| 2.65|  173.4|B|Aur
 28404| 89.983756| 45.936753| 4.30|  835.9|A|Aur
 28499| 90.243995| 47.901974| 5.71| 1018.8|M|Aur
 28574| 90.460108|-10.597939| 4.92|  987.9|M|Mon
 28614| 90.595793|  9.647368| 4.12|  151.6|K|Ori
 28691| 90.864001| 19.690610| 5.14| 1086.7|A|Ori
 28734| 91.030069| 23.263632| 4.16|  150.9|M|Gem
 28812| 91.242448|  5.419970| 5.67| 1086.7|O|Ori
 28814| 91.243166|  4.158677| 5.63| 2507.7|B|Ori
 28816| 91.246386|-16.484427| 4.92| 1086.7|A|Lep
 28823| 91.264251| 42.981986| 5.90|  168.0|K|Aur
 28909| 91.539009|-66.039689| 5.72|  332.7|A|Dor
 28946| 91.646207| 38.482772| 5.35|  379.1|B|Aur
 29034| 91.881800|-37.252921| 5.00|  758.1|G|Col
 29038| 91.893008| 14.768523| 4.42|  534.4|B|Ori
 29048| 91.923459|-19.166004| 5.28|  708.7|A|Lep
 29064| 91.970282|-42.154001| 5.50|  260.8|K|Col
 29134| 92.184767|-68.843457| 5.06|  276.3|B|Dor
 29246| 92.495811| 58.935649| 5.35|  350.5|A|Cam
 29271| 92.559180|-74.752528| 5.08|   33.1|K|Men
 29276| 92.574638|-54.968661| 4.72| 1630.0|G|Pic
 29353| 92.812563|-65.589705| 5.01|  665.3|F|Dor
 29379| 92.884605| 24.420379| 5.83|  758.1|A|Gem
 29388| 92.902411| 48.711125| 5.78|  310.5|G|Aur
 29426| 92.984987| 14.208814| 4.45|  639.2|F|Ori
 29433| 93.005579| 19.790572| 5.76|  958.8|F|Ori
 29434| 93.013651| 16.130447| 4.95|  776.2|K|Ori
 29490| 93.212720| 65.718499| 5.36|  639.2|B|Cam
 29650| 93.712233| 19.156889| 5.20|   68.9|K|Ori
 29651| 93.713902| -6.274727| 3.99|  639.2|F|Mon
 29655| 93.719570| 22.506824| 3.31|  350.5|K|Gem
 29696| 93.844736| 29.498712| 4.32|  168.9|K|Aur
 29704| 93.854696| 16.143206| 5.34|  479.4|K|Ori
 29730| 93.918782| 59.999034| 5.37|  501.5|G|Cam
 29736| 93.937359| 12.551071| 5.44| 1417.4|K|Ori
 29800| 94.110708| 12.271710| 5.04|   63.9|F|Ori
 29807| 94.138064|-35.140732| 4.37|  183.1|A|Col
 29850| 94.277570|  9.942536| 5.39|  252.7|A|Ori
 29919| 94.478467| 61.515292| 5.01|  592.7|M|Lyn
 30060| 94.905795| 59.010905| 4.44|  148.9|B|Lyn
 30073| 94.928337| -7.822910| 5.27|  815.0|F|Mon
 30122| 95.078280|-30.063377| 3.02|  336.1|B|CMa
 30247| 95.442117| 53.452395| 5.34|  186.3|G|Aur
 30277| 95.528521|-33.436273| 3.85|  236.2|M|Col
 30321| 95.659292|-69.984128| 5.56|  592.7|A|Dor
 30324| 95.674948|-17.955917| 1.98|  501.5|A|CMa
 30342| 95.732786|-56.369921| 5.60|  163.8|B|Pic
 30343| 95.739963| 22.513850| 2.87|  231.2|B|Gem
 30419| 95.942074|  4.592839| 4.39|  128.3|B|Mon
 30438| 95.987878|-52.695718|-0.62|  313.5|B|Car
 30520| 96.224592| 49.287899| 4.92| 4075.0|A|Aur
 30565| 96.369379|-69.690787| 5.37|  265.0|F|Dor
 30679| 96.703663| 58.417413| 5.21|  679.2|F|Lyn
 30772| 96.989883| -4.762147| 5.06| 1358.3|B|Mon
 30788| 97.042573|-32.580129| 4.47|  407.5|B|CMa
 30827| 97.142036| 30.493070| 5.75| 1552.4|G|Aur
 30867| 97.204475| -7.033050| 3.76|  693.6|B|Mon
 30883| 97.240794| 20.212167| 4.13|  501.5|B|Gem
 30972| 97.512417| 46.685536| 5.88|  525.8|K|Aur
 31039| 97.696422| 58.163457| 5.86|  185.2|A|Lyn
 31125| 97.964034|-23.418437| 4.34| 2037.5|G|CMa
 31137| 97.992965|-58.753841| 5.69|  724.4|B|Pic
 31159| 98.080109|  4.855995| 5.88|  517.5|A|Mon
 31216| 98.225957|  7.332979| 4.47| 1481.8|A|Mon
 31416| 98.764083|-22.964833| 4.54|  412.7|B|CMa
 31434| 98.800258| 28.022344| 5.26|  446.6|G|Aur
 31564| 99.095240|-18.659945| 5.71|  276.3|G|CMa
 31592| 99.170829|-19.255709| 3.95|   64.7|A|CMa
 31665| 99.409995| 56.857507| 5.87|  322.8|G|Lyn
 31676| 99.423501| 61.481900| 5.94|  173.4|F|Lyn
 31681| 99.427926| 16.399415| 1.93|  104.8|G|Gem
 31685| 99.440299|-43.195924| 3.17|  423.4|F|Pup
 31700| 99.472608|-18.237457| 4.42|  465.7|A|CMa
 31737| 99.595913| 28.984391| 5.76|  423.4|B|Aur
 31771| 99.664809| 39.391115| 5.70|  316.5|A|Aur
 31789| 99.704944| 39.902588| 5.34|  758.1|A|Aur
 31832| 99.832613| 42.489012| 4.80|  434.7|K|Aur
 31897|100.012119|-80.813722| 5.61|  402.5|A|Men
 31978|100.244421|  9.895760| 4.66| 1018.8|B|Mon
 32104|100.601344| 17.645514| 5.20|  139.3|A|Gem
 32173|100.770868| 44.524524| 5.04|  304.7|B|Aur
 32246|100.983041| 25.131155| 3.06|  905.6|F|Gem
 32249|100.997059| 13.228143| 4.49|  276.3|B|Gem
 32292|101.118621|-31.070538| 5.23| 2507.7|A|CMa
 32311|101.189436| 28.970989| 5.42|  571.9|B|Gem
 32349|101.288541|-16.713143|-1.44|    8.6|M|CMa
 32362|101.322640| 12.896055| 3.35|   57.2|A|Gem
 32438|101.558970| 59.441691| 4.86|  228.0|B|Lyn
 32480|101.684746| 43.577025| 5.24|   53.8|F|Aur
 32489|101.706227| 57.169271| 5.34|  207.6|A|Lyn
 32492|101.712891|-14.425996| 5.28|  639.2|B|CMa
 32533|101.832685|  8.037283| 4.77|  486.6|B|Mon
 32562|101.914920| 48.789461| 5.22|  423.4|K|Aur
 32578|101.965237|  2.412189| 4.48|  374.7|B|Mon
 32607|102.048071|-61.941980| 3.24|   98.8|K|Pic
 32753|102.457689| 16.202913| 5.87|  931.4|B|Gem
 32759|102.460273|-32.508488| 3.50|  795.1|F|CMa
 32768|102.483903|-50.614400| 2.94|  182.1|B|Pup
 32814|102.606249| 13.413195| 5.68| 1481.8|G|Gem
 32844|102.691513| 41.781565| 4.99|  366.3|A|Aur
 32864|102.737867| 67.571923| 5.14|  857.9|B|Cam
 32912|102.862413|-70.963473| 5.41|  562.1|A|Vol
 32921|102.887707| 21.761232| 5.28|  525.8|B|Gem
 33018|103.197250| 33.961370| 3.60|  196.4|B|Gem
 33048|103.271090| 59.448655| 5.34|  440.5|K|Lyn
 33092|103.387127|-20.224264| 4.82| 1630.0|M|CMa
 33104|103.426005| 68.888292| 5.11|  987.9|G|Cam
 33152|103.533145|-24.184223| 3.89| 2037.5|B|CMa
 33160|103.547836|-12.038593| 4.08|  252.7|K|CMa
 33202|103.660808| 13.178016| 4.73|   91.1|K|Gem
 33248|103.761409|-20.404851| 5.80|  603.7|B|CMa
 33277|103.827878| 25.375636| 5.74|   56.3|G|Gem
 33302|103.905829|-20.136593| 4.66|   95.3|M|CMa
 33345|104.027695|-14.043446| 5.00|  905.6|A|CMa
 33347|104.034276|-17.054247| 4.36| 2963.6|B|CMa
 33377|104.133585| 46.273986| 5.85|  815.0|K|Aur
 33384|104.143668|-79.420189| 5.45|  354.3|A|Men
 33449|104.319161| 58.423060| 4.35|  170.7|K|Lyn
 33485|104.404687| 45.094102| 4.90|  224.8|B|Lyn
 33579|104.656445|-28.972089| 1.50|  428.9|K|CMa
 33715|105.065935| 16.079005| 5.73| 5433.3|M|Gem
 33856|105.429799|-27.934842| 3.49| 1207.4|B|CMa
 33927|105.603269| 24.215447| 5.20| 1630.0|B|Gem
 33971|105.728248| -4.239238| 4.99| 1124.1|B|Mon
 33977|105.756140|-23.833301| 3.02| 2507.7|F|CMa
 34045|105.939555|-15.633259| 4.11|  402.5|K|CMa
 34088|106.027231| 20.570299| 4.01| 1164.3|G|Gem
 34440|107.091843| 15.930926| 5.47|  304.7|B|Gem
 34444|107.097859|-26.393208| 1.83| 1811.1|B|CMa
 34473|107.176423|-70.497340| 5.68|  146.8|F|Vol
 34481|107.186769|-70.499194| 3.78|  141.7|B|Vol
 34622|107.557008| -4.237636| 4.91|  211.7|A|Mon
 34693|107.784965| 30.245281| 4.41|  301.9|M|Gem
 34722|107.846167| 26.856669| 5.75|  388.1|B|Gem
 34724|107.848465| -0.301906| 5.44|  260.8|B|Mon
 34752|107.913718| 39.320544| 4.91|  465.7|B|Aur
 34769|107.966085| -0.492781| 4.15|  374.7|O|Mon
 34798|108.050910|-25.942609| 5.91|  724.4|B|CMa
 34819|108.109950| 24.128703| 5.85|  350.5|K|Gem
 34909|108.342779| 16.159068| 5.07|  693.6|O|Gem
 34981|108.563402|-26.352516| 4.42| 1552.4|B|CMa
 35025|108.674769| 24.885202| 5.84|  336.1|O|Gem
 35037|108.702757|-26.772686| 4.01|  931.4|B|CMa
 35146|108.979249| 59.638096| 5.20|  192.9|B|Lyn
 35152|108.988231| 27.897427| 5.75| 1086.7|M|Gem
 35228|109.207628|-67.957172| 3.97|  665.3|B|Vol
 35264|109.285684|-37.097487| 2.71| 1086.7|G|Pup
 35341|109.509271| 40.883363| 5.87|  267.2|F|Aur
 35350|109.523362| 16.540475| 3.58|   94.2|K|Gem
 35412|109.668253|-24.558708| 4.88| 2963.6|G|CMa
 35415|109.677033|-24.954384| 4.37| 3260.0|B|CMa
 35550|110.030789| 21.982339| 3.50|   58.7|B|Gem
 35699|110.487081| 20.443716| 5.09|  428.9|F|Gem
 35710|110.511202| 36.760638| 5.12|  234.5|B|Aur
 35785|110.716927| 55.281470| 5.80|  465.7|A|Lyn
 35846|110.868976| 25.050600| 5.04|  153.8|A|Gem
 35904|111.023771|-29.303120| 2.45| 3260.0|B|CMa
 35907|111.035295| 40.672441| 5.23|  724.4|B|Aur
 35941|111.139350| 27.637819| 5.77|  209.0|G|Gem
 35987|111.242455| 11.669560| 5.37|  316.5|O|CMi
 36039|111.409119|-79.094203| 5.54|  465.7|B|Men
 36041|111.412078|  9.276118| 4.99|  987.9|F|CMi
 36046|111.431984| 27.798286| 3.78|  125.9|B|Gem
 36145|111.678587| 49.211645| 4.61|  248.9|A|Lyn
 36156|111.734704| 20.257582| 5.94|  407.5|B|Gem
 36188|111.787801|  8.289409| 2.89|  169.8|K|CMi
 36238|111.934977| 21.445549| 5.20|  110.9|K|Gem
 36265|112.008653|  6.942077| 5.22|  350.5|F|CMi
 36284|112.040956|  8.925504| 4.33|  397.6|A|CMi
 36366|112.277540| 31.784079| 4.16|   60.3|F|Gem
 36377|112.307826|-43.301891| 3.25|  184.2|A|Pup
 36393|112.335264| 28.118404| 5.07|  163.0|A|Gem
 36425|112.449092| 12.006611| 4.55|  562.1|B|CMi
 36429|112.453255| 27.916199| 5.01|  383.5|K|Gem
 36439|112.482736| 49.672662| 5.35|   64.8|A|Lyn
 36641|113.024792|  1.914482| 5.24|  795.1|G|CMi
 36723|113.298647|  3.290275| 5.59|  139.3|G|CMi
 36760|113.402079| 15.826692| 5.27|  374.7|A|Gem
 36812|113.566225|  3.371736| 5.83|  679.2|A|CMi
 36850|113.650019| 31.888636| 1.58|   51.5|F|Gem
 36962|113.980718| 26.896003| 4.06|  239.7|B|Gem
 37088|114.319711| -4.111022| 5.14|  202.5|B|Mon
 37204|114.636816| 35.048484| 5.58|  304.7|A|Gem
 37265|114.791485| 34.584633| 4.89|  158.3|G|Gem
 37279|114.827242|  5.227508| 0.40|   11.4|G|CMi
 37300|114.869130| 17.674516| 5.04|  534.4|G|Gem
 37447|115.311986| -9.551083| 3.94|  144.2|G|Mon
 37504|115.454983|-72.606135| 3.93|  133.6|K|Vol
 37609|115.751907| 58.710487| 4.93|  236.2|A|Lyn
 37629|115.827855| 28.884072| 4.23|  122.1|B|Gem
 37648|115.884982|-28.410957| 4.63|  987.9|G|Pup
 37704|116.028848| 25.784211| 5.30|  592.7|B|Gem
 37740|116.111952| 24.398129| 3.57|  143.6|G|Gem
 37826|116.330683| 28.026310| 1.16|   33.7|G|Gem
 37891|116.486986|-14.563820| 5.03|  236.2|M|Pup
 37908|116.531224| 18.510169| 4.89|  339.6|G|Gem
 37921|116.567580| 10.768311| 5.25|  313.5|B|CMi
 37949|116.666830| 65.455631| 5.93|  332.7|A|Cam
 38016|116.876403| 33.415767| 5.14|  562.1|F|Gem
 38048|116.986592|-12.192893| 5.48|   98.5|B|Pup
 38070|117.021562|-25.937181| 4.40| 2507.7|B|Pup
 38170|117.323578|-24.859784| 3.34| 1358.3|K|Pup
 38211|117.421534|-17.228123| 5.17|  252.7|B|Pup
 38373|117.924987|  1.766878| 5.12|  417.9|K|CMi
 38382|117.943099|-13.897191| 5.16|   54.3|G|Pup
 38427|118.078681|-14.846178| 5.69| 1164.3|K|Pup
 38538|118.374319| 26.765859| 4.97|  254.7|F|Gem
 38639|118.678078| 47.564592| 5.47|  509.4|M|Lyn
 38722|118.916267| 19.884067| 5.38|  339.6|B|Gem
 38827|119.194757|-52.982401| 3.46|  388.1|A|Car
 38835|119.214826|-22.880148| 4.20|  501.5|A|Pup
 38848|119.247787| 15.790382| 5.80|  459.2|M|Cnc
 38962|119.586449|  2.224525| 5.30|  265.0|K|CMi
 39023|119.773844|-23.310403| 5.09|  776.2|K|Pup
 39079|119.934103| -3.679578| 4.93|  248.9|K|Mon
 39177|120.197140| 17.308710| 5.60|  724.4|F|Cnc
 39191|120.232759| 25.392820| 5.87| 1124.1|F|Cnc
 39211|120.305402| -1.392424| 4.69|  472.5|A|Mon
 39236|120.376191| 16.455323| 5.99|  472.5|K|Cnc
 39424|120.879580| 27.794418| 4.94|  256.7|A|Gem
 39429|120.896126|-40.003188| 2.21| 1417.4|G|Pup
 39567|121.268791| 13.118371| 5.14|  210.3|A|Cnc
 39659|121.576665| 22.635512| 5.96|  626.9|K|Cnc
 39757|121.886259|-24.304437| 2.83|   62.7|K|Pup
 39780|121.941005| 21.581979| 5.30|   76.0|A|Cnc
 39794|121.982670|-68.617136| 4.35|  639.2|A|Vol
 39847|122.114598| 51.506676| 4.78|  217.3|M|Lyn
 39863|122.148574| -2.983776| 4.36| 1811.1|K|Mon
 39906|122.256848|-19.245001| 4.40|  472.5|K|Pup
 39953|122.383147|-47.336612| 1.75|  835.9|K|Vel
 40023|122.613450| 25.508180| 5.73|  137.0|A|Cnc
 40035|122.666569|-13.799347| 5.53|   73.3|K|Pup
 40084|122.818005|-12.927018| 4.72|  185.2|B|Pup
 40167|123.052954| 17.648138| 4.67|   83.4|B|Cnc
 40240|123.286977| 29.656586| 5.62|  881.1|G|Cnc
 40259|123.333229|-15.788215| 4.99| 1253.8|B|Pup
 40526|124.128951|  9.185663| 3.53|  291.1|B|Cnc
 40646|124.460080| 59.571128| 5.63|  304.7|G|Lyn
 40702|124.630279|-76.919983| 4.05|   63.4|G|Cha
 40817|124.954148|-71.514996| 5.33|  392.8|A|Vol
 40834|125.002330|-71.505462| 5.63|  392.8|F|Vol
 40843|125.016135| 27.218621| 5.13|   59.1|F|Cnc
 40875|125.108322| 57.743245| 5.89|  103.2|A|Lyn
 40881|125.133955| 24.022357| 5.92|  417.9|A|Cnc
 40888|125.162033|-77.484576| 4.34|  153.8|A|Cha
 41003|125.518841|-73.400059| 5.28|  354.3|A|Vol
 41037|125.628603|-59.509538| 1.86|  626.9|A|Car
 41075|125.708875| 43.188372| 4.25|  388.1|B|Lyn
 41117|125.841131| 18.332280| 5.94|  392.8|M|Cnc
 41211|126.146408| -3.751177| 5.61|   88.6|B|Hya
 41312|126.434359|-66.136520| 3.77|  107.9|B|Vol
